5 1 2 8
5 2 2 8
5 3 2 8
5 4 2 8
5 5 2 8
5 6 2 8
5 7 2 8
5 8 2 8
5 9 2 8
5 10 2 8
5 11 2 8
6 1 1 3
6 2 1 3
6 3 1 3
6 4 1 3
6 5 1 3
6 6 1 3
6 7 1 3
6 8 1 3
6 9 1 3
6 10 1 3
6 11 1 3
7 1 1 2
7 2 1 2
7 3 1 2
7 4 1 2
7 5 1 2
7 6 1 2
7 7 1 2
7 8 1 2
7 9 1 2
7 10 1 2
7 11 1 2
8 1 1 1
8 2 1 1
8 3 1 1
8 4 1 1
8 5 1 1
8 6 1 1
8 7 1 1
8 8 1 1
8 9 1 1
8 10 1 1
8 11 1 1
9 1 1 5
9 2 1 5
9 3 1 5
9 4 1 5
9 5 1 5
9 6 1 5
9 7 1 5
9 8 1 5
9 9 1 5
9 10 1 5
9 11 1 5
10 1 1 6
10 2 1 6
10 3 1 6
10 4 1 6
10 5 1 6
10 6 1 6
10 7 1 6
10 8 1 6
10 9 1 6
10 10 1 6
10 11 1 6


