4 1 1 6
4 2 1 6
4 3 1 6
4 4 1 6
4 5 1 6
4 6 1 6
4 7 1 6
4 8 1 6
4 9 1 6
4 10 1 6
4 11 1 6
6 1 1 0
6 2 1 0
6 3 1 0
6 4 3 9
6 5 3 9
6 6 3 9
6 7 3 9
6 8 3 9
6 9 3 9
6 10 3 9
6 11 3 9
8 1 1 3
8 2 1 3
8 3 1 3
8 4 1 3
8 5 1 3
8 6 1 3
8 7 1 3
8 8 1 3
8 9 1 3
8 10 1 3
8 11 1 3
10 1 1 9
10 2 1 9
10 3 1 9
10 4 3 9
10 5 3 9
10 6 3 9
10 7 3 9
10 8 3 9
10 9 1 0
10 10 1 0
10 11 1 0
12 1 1 5
12 2 1 5
12 3 1 5
12 4 1 5
12 5 1 5
12 6 1 5
12 7 1 5
12 8 1 5
12 9 1 5
12 10 1 5
12 11 1 5
14 1 1 4
14 2 1 4
14 3 1 4
14 4 3 9
14 5 3 9
14 6 3 9
14 7 3 9
14 8 3 9
14 9 3 9
14 10 3 9
14 11 3 9
16 1 1 4
16 2 1 4
16 3 1 4
16 4 1 4
16 5 1 4
16 6 1 4
16 7 1 4
16 8 1 4
16 9 1 4
16 10 1 4
16 11 1 4
18 1 1 3
18 2 1 3
18 3 1 3
18 4 1 3
18 5 1 3
18 6 1 3
18 7 1 3
18 8 1 3
18 9 1 3
18 10 1 3
18 11 1 3


