3 1 1 5
4 1 1 5
5 1 1 5
6 1 1 5
7 1 1 5
8 1 1 5
9 1 1 5
10 1 1 5
11 1 1 5
12 1 1 5
4 2 1 2
5 2 1 2
6 2 1 2
7 2 1 2
8 2 1 2
9 2 1 2
10 2 1 2
11 2 1 2
12 2 1 2
5 3 1 6
6 3 1 6
7 3 1 6
8 3 1 6
9 3 1 6
10 3 1 6
11 3 1 6
12 3 1 6
6 4 1 4
7 4 1 4
8 4 1 4
9 4 1 4
10 4 1 4
11 4 1 4
12 4 1 4
7 5 1 3
8 5 1 3
9 5 1 3
10 5 1 3
11 5 1 3
12 5 1 3
8 6 1 5
9 6 1 5
10 6 1 5
11 6 1 5
12 6 1 5
9 7 1 2
10 7 1 2
11 7 1 2
12 7 1 2
10 8 1 6
11 8 1 6
12 8 1 6
11 9 1 4
12 9 1 4
12 10 1 3
13 1 2 8
13 2 2 8
13 3 2 8
13 4 2 8
13 5 2 8
13 6 2 8
13 7 2 8
13 8 2 8
13 9 2 8
13 10 2 8
13 11 1 5
